1967.53408405
2019.96827832
2066.99925106
2108.76201421
2145.44928408
2177.28465742
2204.51329095
2227.39654346
2246.20805319
2261.230472
2272.75255073
2281.06643725
2286.46511965
2289.23997968
2289.67843899
2288.0616901
2284.66250932
2279.74315232
2273.55333481
2266.32830195
2258.28699103
2249.63029177
2240.5394089
2231.1743311
2221.67240979
2212.14704995
2202.6865136
2193.3528338
2184.18083285
2175.17723207
2166.31982986
2157.55670675
2148.80538446
2139.95180577
2130.8488819
2121.31409187
2111.12498468
2100.00967758
2087.62351453
2073.47588199
2056.54536383
2072.68547874
2086.42715843
2096.71631289
2102.93189261
2104.56068806
2101.13234934
2092.19917358
2077.32891613
2056.10259177
2028.11456984
1992.97387847
1950.30622064
1899.75644877
1840.99135696
1773.70270527
1697.61041931
1612.46592423
1518.05558073
1414.20419562
1300.77858197
1177.6911453
1044.9034724
902.429899732
750.341037679
588.767226577
417.901899764
238.004828238
49.4052208415
-147.495346785
-352.220201771
-564.215069996
-782.845826724
-1007.39653059
-1237.06776976
-1470.97534921
-1708.14934818
-1947.53357642
-2187.9854578
-2428.27636925
-2667.09246226
-2903.03599349
-3134.62719005
-3360.30667354
-3578.43846595
-3787.31359863
-3985.15434374
-4170.11908593
-4340.30784935
-4493.76849298
-4628.50358453
-4742.47796038
-4833.62697601
-4899.86544802
-4939.09728553
-4949.22580528
-4928.16472044
-4873.84978977
-4784.25110933
-4657.38602454
-4491.33263623
-4284.24386968
-4034.36207082
-3740.03408931
-3399.72680312
-3012.0430347
-2575.73780349
-2089.73485522
-1553.14340301
-965.275010963
-325.660546039
365.932880646
1109.48506617
1904.70604923
2751.01971602
3647.5477736
4593.0941892
5586.13019685
6624.77997543
7706.807104
8829.6019022
9990.16976409
11185.1205942
12410.6594536
13662.5785233
14936.2504887
16226.6234451
17528.2174214
18835.12261
20140.9993847
21439.0801777
22722.1732736
23982.6685639
25212.5452872
26403.3817532
27546.3670263
28632.3145023
29651.6772731
30594.5651136
31450.7628558
32209.749823
32860.7198718
33392.6014304
33794.0766973
34053.5988599
34159.4057566
34099.5277776
33861.7868675
33433.7820688
32802.8548096
31956.0234968
30879.8708121
29560.3561696
27982.5053013
26129.887879
23983.7047295
21521.0898481
18711.6280659
15509.0175859
11824.9609814
7381.44124873
5153.2086492
3115.30519684
1130.98333228
-844.37396553
-2830.23041377
-4835.55884166
-6863.8444726
-8915.23161827
-10987.586672
-13077.0796203
-15178.526897
-17285.6061647
-19390.9982251
-21486.4856562
-23563.0249975
-25610.8025017
-27619.2796553
-29577.2324292
-31472.7868414
-33293.4525376
-35026.1555029
-36657.2706063
-38172.6543708
-39557.6781106
-40797.2613662
-41875.9053639
-42777.7260288
-43486.485888
-43985.6240143
-44258.2830487
-44287.3324214
-44055.3875269
-43544.8267114
-42737.8140112
-41616.3529992
-40162.4497977
-38358.6412941
-36189.8667549
-33651.6788413
-30813.7508538
-26340.7045045
-21603.2481085
-16771.5140104
-11927.7356625
-7124.91936917
-2401.68149733
2212.0413822
6692.2588877
11019.4236943
15177.5192462
19153.4621822
22936.6856757
26518.8330675
29893.522002
33056.1554891
36003.7653705
38734.8789994
41249.4032266
43548.5218964
45634.604492
47511.1245937
49182.5876243
50654.4680582
51933.1569831
53025.9217168
53940.8802428
54686.9947208
55274.0905744
55712.9112196
56015.2243725
56194.0060357
56263.7466961
56240.9596596
56145.0441887
55999.8188249
55836.4461909
55699.6433285
55663.2582989
55882.3301363
56925.6830909
54498.8580393
51404.5197085
47966.8509512
44322.5276892
40551.7220993
36709.4659572
32837.0281926
28967.0568215
25126.2518566
21336.8994657
17617.8218193
13985.0025941
10452.0212934
7030.36944485
3729.69101846
557.972719259
-2478.2997325
-5374.00890779
-8125.28965429
-10729.4250975
-13184.7514632
-15490.5695146
-17647.0610696
-19655.2095358
-21516.7237306
-23233.9644914
-24809.8737516
-26247.9058822
-27551.9611891
-28726.3215214
-29775.5879945
-30704.6208634
-31518.4816084
-32222.3773079
-32821.6073864
-33321.5128257
-33727.4279368
-34044.6347799
-34278.3203238
-34433.5364277
-34515.1627218
-34527.8724575
-34476.1013881
-34364.0197346
-34195.5072777
-33974.1316138
-33703.1295965
-33385.3919811
-33023.4512748
-32619.472789
-32175.2488789
-31692.1963439
-31171.3569568
-30613.4010756
-30018.6342855
-29387.0070075
-28718.1270019
-28011.2746858
-27265.4211741
-26479.2489463
-25651.1750325
-24779.3766024
-23861.818837
-22896.2849508
-21880.4082267
-20811.7059215
-19687.6148864
-18505.5287492
-17262.8364899
-15956.9622434
-14585.4061514
-13145.7860863
-11635.8800594
-10053.6691276
-8397.38060582
-6665.53138951
-4856.97119224
-2970.925499
-1007.03803689
1034.58743467
3153.34621124
5348.09280199
7617.10234924
9958.0334933
12367.8928587
14843.0013287
17378.9622621
19970.6317912
22612.0913207
25296.6223233
28016.6834992
30763.8903292
33528.9970099
36301.8806985
39071.5279318
41826.022989
44552.5378622
47237.3233492
49865.7005988
52422.0521872
54889.8114738
57251.4485328
59488.4503317
61581.2919512
63509.3943808
65251.0625785
66783.3947098
68082.1492026
69121.5494507
69873.9947883
70309.6271402
70395.6681823
70095.3760508
69366.3364017
68157.503888
66403.6661807
64013.8443908
60842.3237182
56590.1329525
50100.4046529
46335.4106294
43074.5379006
39997.8619799
36983.3024809
33969.1634726
30920.0119656
27814.3084458
24638.9026087
21386.2442263
18052.838086
14638.3317509
11144.9514473
7577.14153241
3941.32904425
245.768377994
-3499.56073678
-7283.0184395
-11091.3433871
-14909.671166
-18721.5361097
-22508.8581819
-26251.9149366
-29929.2969917
-33517.8437234
-36992.5537553
-40326.4619423
-43490.4704299
-46453.1151695
-49180.2395605
-51634.531035
-53774.8493994
-55555.2274449
-56923.3328202
-57817.9942043
-58164.9824056
-57869.2124225
-56798.5618858
-54743.7066432
-51281.2963561
-44756.3470066
-41090.6164547
-38031.127859
-35252.2635252
-32640.0534165
-30143.1011021
-27735.6332426
-25404.2647967
-23142.1982611
-20946.3302378
-18815.672775
-16750.4343805
-14751.4590689
-12819.8721207
-10956.8513024
-9163.47744086
-7440.63692866
-5788.95918304
-4208.77815051
-2700.11060766
-1262.64626643
104.253886054
1401.5536852
2630.53444521
3792.78598966
4890.19776852
5924.95186238
6899.51999362
7816.66730231
8679.46679003
9491.33035072
10256.0659175
10977.9769718
11662.0338367
12314.1738589
12941.8510801
13555.1193723
14169.0247675
14809.9460653
15538.8980523
16647.0696048
17034.7829053
17172.660094
17154.6276256
17024.4448195
16808.8050761
16526.293578
16190.8516818
15813.4105887
15402.7683017
14966.1066221
14509.3191063
14037.2322303
13553.7627886
13062.0355557
12564.4753403
12062.8821013
11558.4946187
11052.0463053
10543.8155378
10033.6721203
9521.12097353
9005.34380341
8485.23925594
7959.46190234
7426.46027498
6884.51408962
6331.77072557
5766.28098983
5186.03415704
4588.99225209
3973.12352417
3336.43504776
2677.00437681
1993.01017193
1282.76171635
544.727234281
-222.439075985
-1019.87138096
-1848.46800909
-2708.86878979
-3601.43401626
-4526.2251104
-5482.98706489
-6471.13273396
-7489.72904006
-8537.48515939
-9612.74274496
-10713.4682406
-11837.2473351
-12981.2815993
-14142.3873461
-15316.996744
-16501.1612141
-17690.5571293
-18880.4938336
-20065.9239894
-21241.4562566
-22401.3703
-23539.6341154
-24649.9236567
-25725.6447422
-26759.9572081
-27745.8012712
-28675.9260569
-29542.9202388
-30339.2447297
-31057.2673567
-31689.2994444
-32227.634223
-32664.5869694
-32992.5367844
-33203.9698969
-33291.5243826
-33248.0361762
-33066.5862463
-32740.5487999
-32263.6403738
-31629.9696646
-30834.0879452
-29871.0399099
-28736.4147871
-27426.3975562
-25937.8201035
-24268.2121534
-22415.8518139
-20379.8155777
-18160.0276319
-15757.308338
-13173.4217585
-10411.122132
-7474.19922097
-4367.52249595
-1097.08416667
2329.95887034
5905.24401795
9619.16264723
13460.8200647
17417.9952182
21477.0993505
25623.1324978
29839.6363107
34108.6410932
38410.6041523
42724.3353985
47026.9044837
51293.5213077
55497.3780168
59609.4348401
63598.122852
67428.9213431
71063.7407927
74459.9938454
77569.1428746
80334.3179692
82686.1563397
84534.879809
85753.2055106
86131.5309885
85210.2304567
80605.3879837
78110.5307746
76154.6916499
74406.0479925
72722.8092021
71026.8609326
69269.0127893
67415.7304841
65443.0426729
63333.3902095
61073.8594424
58655.1343063
56070.851021
53317.1923239
50392.6315942
47297.7750763
44035.271137
40609.7674771
37027.9045388
33298.338095
29431.7873396
25441.1073902
21341.3874252
17150.0780587
12887.1543539
8575.32452525
4240.29948786
-88.8540456418
-4379.24260454
-8593.50423631
-12688.9121772
-16616.08627
-20317.0761005
-23722.3888444
-26746.1359436
-29277.5591851
-31164.8364448
-32179.8690766
-31924.6480433
-29471.6984157
-19426.8151557
-13985.6543724
-10177.7318798
-7337.86967063
-5177.68659067
-3537.16650749
-2314.56276374
-1439.15440544
-858.529983844
-531.896115462
-426.24519714
-514.018642914
-771.61229494
-1178.38441475
-1715.97798108
-2367.847301
-3118.92183311
-3955.3647842
-4864.39882354
-5834.18045134
-6853.71047475
-7912.7719873
-9001.88998135
-10112.3087186
-11235.9845522
-12365.5932637
-13494.5523525
-14617.0603174
-15728.1571128
-16823.8131533
-17901.0593923
-18958.179886
-19995.0045653
-21013.3718839
-22017.8985849
-23017.3508281
-24027.3232833
-25076.2144797
-26221.6107874
-27615.9440044
-30315.7948051
-31986.7920321
-33159.9145608
-33968.3206504
-34475.0241745
-34718.4525762
-34725.7707559
-34518.188069
-34113.4773008
-33527.3122714
-32774.0339351
-31867.1122635
-30819.4340485
-29643.4853127
-28351.4669866
-26955.3667866
-25467.0015066
-23898.0388729
-22260.005039
-20564.2818813
-18822.0970075
-17044.5085723
-15242.3864278
-13426.3907505
-11606.9490081
-9794.23193051
-7998.12900066
-6228.22387384
-4493.77004763
-2803.66704274
-1166.43730376
409.796010439
1917.33020834
3348.90310708
4697.71184149
5957.43036632
7122.22559125
8186.77209979
9146.26541374
9996.43377217
10733.548402
11354.4322622
11856.4672486
12237.5998519
12496.3452626
12631.7899208
12643.5925123
12531.9834117
12297.7625774
11942.2959037
11467.5100357
10875.8856552
10170.4492453
9354.7633432
8432.91528909
7409.5044839
6289.62816447
5078.865709
3783.26148466
2409.30625061
963.917131329
-545.583825285
-2111.4924871
-3725.74685625
-5379.95264699
-7065.41019954
-8773.1427069
-10493.9257258
-12218.3179437
-13936.6931675
-15639.2734987
-17316.1636555
-18957.3863978
-20552.9190089
-22092.7307816
-23566.821454
-24965.2605343
-26278.2274519
-27496.0524631
-28609.2582423
-29608.6020778
-30485.1185927
-31230.1629057
-31835.4541431
-32293.1192113
-32595.7367368
-32736.3810812
-32708.666336
-32506.7902091
-32125.5777149
-31560.5245875
-30807.8403504
-29864.4909859
-28728.2411706
-27397.6960707
-25872.342726
-24152.5911033
-22239.8149619
-20136.3927677
-17845.7490041
-15372.3963955
-12721.9797756
-9901.32264158
-6918.47786496
-3782.78464905
-504.934720731
2902.9479146
6427.20728188
10052.5262302
13761.7529421
17535.6596748
21352.5949751
25187.9624501
29013.4039623
32795.4483836
36493.1153724
40053.2463365
43400.0772562
46406.2970889
48771.5016969
47886.6072388
47799.4154482
47968.638934
48245.9201752
48560.6147393
48870.2734446
49145.7770282
49365.3907382
49511.9553153
49571.4088509
49531.9504823
49383.5440557
49117.6154079
48726.8665908
48205.1643617
47547.4780357
46749.851666
45809.401298
44724.3316273
43493.9687683
42118.8075557
40600.5731995
38942.2984253
37148.4186516
35224.8895129
33179.3333856
31021.2249612
28762.1309917
26416.02729
23999.7289987
21533.4919951
19041.8819454
16555.0794637
14110.9323815
11758.3710323
9563.52107053
7621.77322404
6085.23178588
5240.84485468
5852.15963064
16425.5975389
24079.3226572
30268.7619802
35413.8813292
39717.0448949
43299.6622931
46244.6375571
48613.8196418
50456.4599535
51813.7803659
52721.63439
53212.1441674
53314.7477843
53056.8880255
52464.473333
51562.1887688
50373.7052262
48921.8178558
47228.5341364
45315.1253601
43202.1509255
40909.4618404
38456.1876872
35860.7096473
33140.6207694
30312.673306
27392.7114107
24395.5855309
21335.0420144
18223.5770736
15072.2369735
11890.3334988
8685.01983197
5460.62425552
2217.53612969
-1049.80660998
-4356.94411852
-7738.71217519
-11276.3909694
-15221.1088441
-23287.7739314
-30082.5674306
-36092.2148806
-41463.2445441
-46267.5814773
-50549.2833751
-54339.418322
-57662.2706808
-60538.3699433
-62986.1246967
-65022.7636599
-66664.9000948
-67928.8770479
-68830.9780997
-69387.5520732
-69615.0808775
-69530.2088323
-69149.7454437
-68490.6496977
-67570.0014672
-66404.9640085
-65012.7404435
-63410.5263736
-61615.4602477
-59644.572725
-57514.7360006
-55242.6138464
-52844.6129668
-50336.83614
-47735.037522
-45054.5804059
-42310.3976704
-39516.9550934
-36688.2176628
-33837.6189789
-30978.0338095
-28121.7538286
-25280.4665462
-22465.2374147
-19686.4950764
-16954.019702
-14276.9343507
-11663.6992747
-9122.10907342
-6659.29259669
-4281.71548445
-1995.18522391
195.141401427
2284.74860289
4269.74975367
6146.87357154
7913.44845939
9567.38514845
11107.1577884
12531.7836314
13840.8014541
15034.2488624
16112.6386217
17076.9341526
17928.5243306
18669.1977225
19301.1163925
19826.7894033
20249.0461345
20571.0095371
20796.0694345
20927.8559798
20970.2133689
20927.1739062
20802.9325139
20601.8217679
20328.2875384
19986.8653092
19582.157239
19118.8100266
18601.4936327
18034.8809066
17423.6281596
16772.35672
16085.6355016
15367.964609
14623.7599991
13857.3392138
13072.9081901
12274.5491553
11466.2096026
10651.6923451
9834.64663638
9018.56034654
8206.75317385
7402.37087408
6608.38048145
5827.56649556
5062.52800411
4315.67670939
3589.23582416
2885.23980042
2205.53485322
1551.78023968
925.450252313
327.83688507
-239.946870812
-776.963144383
-1282.44475906
-1755.79030753
-2196.55876991
-2604.46371914
-2979.36715482
-3321.2730072
-3630.32034999
-3906.77635861
-4151.02904597
-4363.57980013
-4545.03573392
-4696.10182663
-4817.57276712
-4910.32421422
-4975.30254852
-5013.50931862
-5025.95416301
-5009.46547703
-4969.92834223
-4908.49288368
-4826.40866652
-4724.96703679
-4605.48453318
-4469.29315805
-4317.73277163
-4152.14444604
-3973.86440049
-3784.21837221
-3584.51636101
-3376.04771983
-3160.07657837
-2937.8375928
-2710.53201933
-2479.32410855
-2245.33781849
-2009.65384477
-1773.30696351
-1537.28368436
-1302.52020776
-1069.90068176
-840.255751033
-614.361391235
-392.938019467
-176.649871979
33.8953622726
238.146664088
435.60957693
625.845887062
808.473112043
983.163826543
1149.64486524
1307.69647158
1457.15151222
1597.8950164
1729.86469285
