164093.986609
156764.348374
149453.622028
142162.711355
134900.412369
127677.723818
120506.272281
113397.651092
106363.086198
99413.2499698
92558.1526237
85807.0787776
79168.5524149
72650.3208287
66259.3518754
60001.8409062
53883.2249231
47908.2022196
42080.7562044
36404.1823895
30881.1176992
25513.571368
20302.9567513
15250.1233893
10355.3886368
5618.56809953
1039.00397653
-3384.40981755
-7653.2072523
-11769.3366105
-15735.156861
-19553.4488162
-23227.4489945
-26760.9198935
-30158.2819568
-33424.8576181
-36567.3381008
-39594.7498173
-42520.7537479
-45370.6428475
-48217.2925031
-47747.2061361
-47055.4654173
-46209.2770637
-45237.6961563
-44160.012399
-42991.4844383
-41745.2275457
-40433.0033154
-39065.6013744
-37653.0425842
-36204.6950138
-34729.3438396
-33235.2355477
-31730.10727
-30221.2073539
-28715.3107538
-27218.7314372
-25737.3331824
-24276.5396541
-22841.3443385
-21436.3207268
-20065.6330153
-18733.0475161
-17441.9449309
-16195.3336293
-14995.8640853
-13845.8446717
-12747.2590952
-11701.7859088
-10710.8207896
-9775.50271805
-8896.74599028
-8075.28150752
-7311.71382636
-6606.60709306
-5960.62907062
-5374.82726016
-4851.26321123
-4394.93723163
-4024.01146362
-3277.38392904
-2550.23151562
-1856.82461921
-1201.64263923
-586.527242358
-12.199424802
521.218791603
1013.97351433
1466.55851482
1879.64424901
2254.0318582
2590.62098611
2890.38583105
3154.3564343
3383.60349509
3579.22568898
3742.33884923
3874.0665939
3975.53211487
4047.85092596
4092.12441717
4109.43409028
4100.83636538
4067.35785017
4009.99095527
3929.68971778
3827.36565739
3703.88342645
3560.05591244
3396.63827895
3214.32013472
3013.71448766
2795.34113161
2559.60007292
2306.72612374
2036.7048634
1749.09948045
1442.63257654
1113.86835409
749.868308761
563.955124482
386.779109898
208.96011629
27.1900812054
-160.19888701
-354.196645013
-555.444099016
-764.374478553
-981.282796635
-1206.36309637
-1439.72957713
-1681.42900295
-1931.4481344
-2189.71822237
-2456.11774769
-2730.4741346
-3012.56491185
-3302.11864828
-3598.81590477
-3902.29039658
-4212.13053743
-4527.88153268
-4849.04820288
-5175.09875079
-5505.46974208
-5839.57265984
-6176.80253635
-6516.54939095
-6858.2135687
-7201.22668091
-7545.08089606
-7889.37121645
-8233.85896627
-8578.57201471
-8923.97336925
-9271.26933907
-9623.04055778
-9984.76883289
-10369.7110497
-10827.1639577
-10765.4214097
-10620.7888482
-10425.4927217
-10191.3990116
-9924.70467478
-9629.23986637
-9307.62599052
-8961.78733533
-8593.21268067
-8203.10353817
-7792.46490542
-7362.16431289
-6912.97217228
-6445.5904583
-5960.67373344
-5458.8448946
-4940.70709154
-4406.85270946
-3857.86995494
-3294.34734656
-2716.87623642
-2126.05134476
-1522.46915379
-906.723856344
-279.400369695
358.936329238
1007.75665955
1666.58835852
2335.0474416
3012.88225413
3700.03722514
4396.74755931
5103.68494599
5822.19244859
6554.68695103
7305.40712418
8081.96994243
8899.20349448
9791.66954933
10889.8571279
10963.1800651
10864.1342337
10672.7526426
10420.4481336
10124.5814099
9796.47974274
9444.29395741
9074.27221363
8691.4142108
8299.84208008
7903.02679963
7503.93472663
7105.12711604
6708.83056243
6316.98871517
5931.30151833
5553.255896
5184.15042073
4825.11565099
4477.13128248
4141.04090449
3817.56491563
3507.31199033
3210.78937327
2928.41219562
2660.51194363
2407.34415831
2169.09539664
1945.88943095
1737.79259226
1544.81804982
1366.92861922
1204.03730082
1056.00392403
922.624361616
803.603841737
698.491132668
606.495971065
525.830130122
449.217327745
439.339590521
448.779110912
471.112206638
503.196318182
542.93311402
588.716291053
639.226288577
693.335784465
750.05992862
808.527531941
867.963121
927.675051007
987.047180411
1045.53272226
1102.64946387
1157.97586448
1211.14772474
1261.85523387
1309.84027114
1354.89388423
1396.85389938
1435.60264106
1471.06475699
1503.20516004
1532.02711415
1557.57050906
1579.91039127
1599.15585142
1615.44941687
1628.96717785
1639.92000938
1648.55649047
1655.16857378
1660.10197423
1663.77526218
1666.7166135
1669.64134867
1673.64358709
1680.82733051
1698.3785468
1685.82319608
1664.65549723
1637.45334452
1605.2543451
1568.6590343
1528.09071302
1483.88703108
1436.34006643
1385.71651704
1332.26899278
1276.24290389
1217.8810143
1157.42669909
1095.12646543
1031.23205646
966.002329053
899.705025815
832.618520992
765.033596905
697.255295456
629.604884095
562.42197677
496.066856873
430.923062126
367.400312746
305.93789767
247.008685841
191.124011293
138.839812866
90.7646278429
47.5704156346
10.0078674665
-21.0708456331
-44.6762853735
-59.6214221398
-64.4106085505
-57.0092583884
-34.2729515993
9.97124384297
98.0457003596
119.490001963
130.564409647
139.379315106
149.546023453
163.359935594
182.578547347
208.702126414
243.098289007
287.064844847
341.864250938
408.743521147
488.94605543
583.718692436
694.315806233
822.001521999
968.050731575
1133.7493768
1320.39435435
1529.29334294
1761.76484023
2019.13871661
2302.75764387
2613.97984385
2954.18373668
3324.77527091
3727.19902268
4162.95461549
4633.62073825
5140.89020196
5686.6214057
6272.91491375
6902.22987402
7577.56655136
8302.76494219
9083.02247392
9925.86666228
10843.2063696
11856.4987276
13014.5010953
14521.6831712
15451.4612418
16229.0348127
16915.8786399
17535.0536721
18097.76073
18610.0041264
19075.0337846
19494.4441765
19868.7377778
20197.6411645
20480.2941898
20715.3686308
20901.1450477
21035.5634848
21116.2569304
21140.5727831
21105.5854404
21008.1018059
20844.6606204
20611.525863
20304.6739067
19919.7735546
19452.157458
18896.7826254
18248.1766568
17500.3648036
16646.7706607
15680.0797638
14592.0497136
13373.2410775
12012.6271209
10497.0110422
8810.12293891
6931.15244018
4832.21133787
2473.5611599
-206.499646224
-3317.352402
-7106.08245459
-12647.300755
-15677.518965
-17996.4120221
-19896.3343628
-21494.8673094
-22854.8511587
-24015.2314681
-25002.5122206
-25835.9585504
-26530.2862757
-27097.1833065
-27546.2290262
-27885.4783344
-28121.8471945
-28261.3747933
-28309.4058186
-28270.7192053
-28149.6198865
-27950.0042401
-27675.4062794
-27329.0292914
-26913.7660414
-26432.2095334
-25886.6554537
-25279.096686
-24611.209574
-23884.3307993
-23099.42272
-22257.0235498
-21357.1765332
-20399.3286426
-19382.1831148
-18303.4789002
-17159.6484835
-15945.2608711
-14652.055652
-13267.1182697
-11768.988023
-10117.6579488
-8218.88821169
-5633.39487704
-3916.77986645
-2473.2012425
-1198.48624396
-50.4367199377
993.423273701
1946.94593041
2819.526763
3618.01041195
4347.6799687
5012.81781666
5617.04462712
6163.5343285
6655.15545931
7094.56668758
7484.28267141
7826.72011881
8124.23029832
8379.12210724
8593.67848603
8770.16813745
8910.8539763
9017.99939576
9093.87322552
9140.75414222
9160.9352588
9156.72966513
9130.47783423
9084.5580869
9021.40179664
8943.51586983
8853.51654586
8754.18133939
8648.53133838
8539.96727996
8432.50828691
8331.24709673
8243.32982433
8180.50219574
8168.37878765
8327.1603002
8282.38911265
8165.71419518
8002.88655251
7805.1712573
7579.07813273
7328.97386952
7058.07559452
6768.91054551
6463.55797571
6143.78890668
5811.15295988
5467.03566814
5112.69836506
4749.30733649
4377.9561342
3999.68343535
3615.48796699
3226.34150392
2833.20063925
2437.01784066
2038.75219561
1639.38019448
1239.90688879
841.377791134
444.891958012
51.616832833
-337.194350106
-720.181434631
-1095.85072033
-1462.54007469
-1818.37124034
-2161.18156425
-2488.42110014
-2796.9879595
-3082.9449668
-3340.98418423
-3563.2753293
-3736.452274
-3830.43605011
-3693.87894688
-3751.22413855
-3867.65419228
-4014.5839203
-4178.8754703
-4352.45260932
-4529.45682571
-4705.15536545
-4875.43420175
-5036.53177636
-5184.88664692
-5317.04469317
-5429.59990308
-5519.15522113
-5582.29591778
-5615.57100934
-5615.47991667
-5578.46247872
-5500.89096011
-5379.06297468
-5209.19437241
-4987.41114683
-4709.73932515
-4372.09159916
-3970.24911127
-3499.8362747
-2956.28568319
-2334.78889078
-1630.22683104
-837.070382645
50.7638811413
1040.12727692
2138.96396855
3356.8234124
4705.70764728
6201.56395071
7867.15435061
9738.31252688
11880.5519353
14452.0485926
18341.4455035
21262.1010011
23851.5680252
26244.8689234
28498.4752462
30642.1053682
32693.1734292
34662.3853916
36556.3480366
38378.9405962
40132.0986687
41816.2899878
43430.8159414
44974.0083771
46443.3601347
47835.6115901
49146.8065664
50372.3257442
51506.9024564
52544.6235948
53478.916781
54302.5236557
55007.457911
55584.9453438
56025.341548
56318.0206319
56451.2251669
56411.8628142
56185.2276977
55754.6127035
55100.7590006
54201.0543301
53028.327794
51548.9644466
49719.801966
47482.6712376
44753.8844604
41401.2012452
37182.0842831
31504.5994348
20786.3184706
13381.742849
7217.66413657
1825.29837714
-2999.04418169
-7367.89223625
-11352.0703628
-15000.0639358
-18347.1217673
-21420.0782627
-24240.1327368
-26824.5542796
-29187.7782495
-31342.1377115
-33298.3652776
-35065.9447957
-36653.3615158
-38068.2815694
-39317.6808826
-40407.9369348
-41344.892423
-42133.8969484
-42779.830753
-43287.1129479
-43659.6953494
-43901.0417837
-44014.0913385
-44001.2023089
-43864.071143
-43603.6169561
-43219.8160907
-42711.4606553
-42075.7956833
-41307.9519145
-40400.0120621
-39339.3656158
-38105.5301031
-36663.1431034
-34942.9755759
-32766.7767304
-28932.5540202
-26006.6434646
-23433.7029078
-21084.2431825
-18902.8666758
-16859.9284737
-14937.5400494
-13124.03561
-11411.3550684
-9793.65214776
-8266.49025358
-6826.34880351
-5470.30598256
-4195.82769188
-3000.62345026
-1882.54613833
-839.521360647
130.502670094
1029.59074392
1859.84586736
2623.42697348
3322.56123492
3959.55257582
4536.78765358
5056.74039186
5521.97606839
5935.15599035
6299.04394405
6616.51593337
6890.57531774
7124.37651984
7321.26237578
7484.82375234
7618.9970548
7728.23006723
7817.78099186
7894.30598654
7967.17220046
8052.06714575
8185.63555583
8624.3021227
8875.17297065
9033.56035237
9124.33893085
9159.41340089
9146.0414387
9089.28574036
8992.99277619
8860.25897686
8693.68053301
8495.49920792
8267.6933154
8012.03771084
7730.14532643
7423.49726759
7093.46560948
6741.33144547
6368.29982378
5975.51266062
5564.0603822
5134.99284137
4689.32992635
4228.07221158
3752.21197154
3262.74489249
2760.68287084
2247.06839492
1722.99119545
1189.60815781
648.168008741
100.043170851
-453.227259106
-1009.87655465
-1567.81886325
-2124.50249429
-2676.65506261
-3219.79290654
-3747.13266807
-4246.58621823
-4688.31746377
-4833.32217098
-5104.27475361
-5431.45118144
-5795.85926907
-6188.17006455
-6602.46352273
-7034.35005904
-7480.21079511
-7936.83148116
-8401.20420032
-8870.410519
-9341.548125
-9811.68245045
-10277.8135047
-10736.8524024
-11185.6042909
-11620.7555954
-12038.8641864
-12436.3514682
-12809.4956003
-13154.4251668
-13467.1126199
-13743.3667626
-13978.8233958
-14168.9330032
-14308.943971
-14393.8792336
-14418.503309
-14377.2752054
-14264.2802539
-14073.1298272
-13796.8106565
-13427.4520254
-12955.9525794
-12371.3520154
-11659.7005758
-10801.827432
-9768.29403978
-8505.20720324
-6873.84243395
-3574.99061688
-730.415926995
1948.0695814
4537.9137006
7074.03798881
9575.63882601
12054.3467937
14517.5368016
16969.9156187
19414.3712213
21852.4628092
24284.7188365
26710.824845
29129.7442811
31539.796506
33938.7062132
36323.6328806
38691.1855768
41037.4263735
43357.8642317
45647.4402046
47900.5039663
50110.7808692
52271.3278559
54374.475462
56411.7516786
58373.7813353
60250.1514934
62029.2283856
63697.90339
65241.2319396
66641.9052642
67879.4502209
68928.9641014
69759.0025003
70327.7938206
70575.7647078
70408.5578664
69648.7725073
67825.3181967
59705.9567807
53156.8699281
47308.2015739
41917.9709176
36875.6267584
32119.3734433
27610.5573385
23323.1544424
19238.6757436
15343.4097536
11626.8082336
8080.48483484
4697.56626006
1472.2577851
-1600.4548384
-4525.01337756
-7305.43364938
-9945.40893577
-12448.3823831
-14817.5965484
-17056.1256869
-19166.894639
-21152.6869439
-23016.1438866
-24759.7554299
-26385.8432927
-27896.5356997
-29293.7324302
-30579.0575474
-31753.7952939
-32818.8015312
-33774.3776923
-34620.0841953
-35354.4504299
-35974.4959343
-36474.8768885
-36846.2014562
-37071.1842958
-37113.5940727
-36868.7067546
-34859.4341065
-33140.2835824
-31537.2517057
-30002.8465916
-28517.0071802
-27069.8974058
-25656.4858397
-24274.298272
-22922.3204141
-21600.4005117
-20308.898056
-19048.4652549
-17819.9053627
-16624.0780855
-15461.8351836
-14333.9762033
-13241.218068
-12184.1744717
-11163.3423588
-10179.0936123
-9231.67060587
-8321.18462883
-7447.61641313
-6610.81814226
-5810.51639836
-5046.31553723
-4317.70095791
-3624.04165069
-2964.59123482
-2338.4863858
-1744.74099464
-1182.23339267
-649.682066503
-145.601468683
331.778716551
784.667120858
1216.02656769
1630.3153173
2035.66660919
2453.98140971
3273.28949613
3998.23823571
4660.33968388
5268.8118721
5827.78708592
6339.41882439
6804.87469519
7224.75106365
7599.27653058
7928.42348262
8211.9746096
8449.56544896
8640.71339338
8784.83874289
8881.280975
8929.31213049
8928.14850005
8876.96138038
8774.88741764
8621.03890056
8414.51426987
8154.40905333
7839.82740563
7469.89442623
7043.76944299
6560.66049177
6019.84029878
5420.66420351
4762.5906773
4045.20545764
3268.25094806
2431.66366318
1535.62462704
580.631901275
-432.386331311
-1501.87755616
-2625.28848807
-3798.20595323
-5011.83904588
-6241.07451914
-6821.66314632
-7536.39926934
-8352.30270223
-9258.94569946
-10250.9754139
-11324.8177315
-12477.5949919
-13706.6609613
-15009.3646579
-16382.915512
-17824.2993569
-19330.2224723
-20897.0723663
-22520.8892495
-24197.3447694
-25921.7259656
-27688.9231748
-29493.4210649
-31329.2922401
-33190.1930132
-35069.3610254
-36959.6144319
-38853.3523638
-40742.5563365
-42618.7921834
-44473.2119447
-46296.5549025
-48079.1465688
-49810.893818
-51481.273331
-53079.3087583
-54593.5288491
-56011.8928174
-57321.6571605
-58509.1318282
-59559.2100789
-60454.3807453
-61172.3453636
-61678.7366245
-61890.9119397
-57849.1317365
-53853.5581801
-49811.4938664
-45692.4156497
-41481.1221531
-37168.5719874
-32748.8575751
-28217.9247388
-23572.9478628
-18811.9974552
-13933.8545033
-8937.90515467
-3824.08227423
1407.16429411
6754.8792797
12217.6017768
17793.3573978
23479.6455556
29273.4238149
35171.0907411
41168.4683431
47260.7850016
53442.6596478
59708.0878874
66050.4307495
72462.4067646
78936.0881582
85462.9020959
92033.6381643
98638.4636793
105266.949078
111908.10677
118550.44878
125182.07211
131790.787861
138364.325407
144890.679935
151358.778144
